067020000800000000004189050678000200000800000000091000000000000000605310120000640
000008000800090504019000067000000002000000640001506900098004700000900023402600000
890000304000190050007000000103007500000000013006020000002076000040000000608503000
010900000080000003390000074850001630004000002000500000600008007000060528000140000
030700805007000030000000047000000000800630004000500690009170008502090400071280000
024000506000000000980607040000000054030102600060400000000203000000000100000079065
800007009007600000030000071000000050600200000502004030000050004071063025000740000
006710000000002000080003000740050090850309410000000020007800903609047280000000074
017690200090002040000070900500010060600025001700006080000300000002100090000000000
000600020008000354010050007123460000000030005400000002890000000007010000004506000
080000000001008630600040052009000000040000006208300017000050000000060070900104005
000000300405000070070580106250000000038000001000070283080030610300050000041800007
001500609000300400000007020006000005017080006280060000000000000900040000002600741
010200000000010208805306100000000000007520069300700000500003004000000090690000005
270691004005000000910000000609804107000700006720010400540000680000500000060000000
049000601700000040100007500000900000000002007003050000090200060007406030205000000
100058006800000104900000200520090001030010000040800900000000000000369000300400008
000000000000900780006054000000405230000090004600000807765000900000000300400800070
000407050170000030205390000060070800040050690050000014000008000000009001639000000
520000000006008001010360050609500074000000000000004096080047009004030008000000000
004003000000800000850000693630000071000000080000007000096005147010396250200100030
000008000800000213064030000075003901000000300040800000000020000109007035700000090
017800000030000050500000147000390000040005300960400002280030010000001000000008090
400000000000860000060530021000003800020180006001700000000312090000000000200000465
012304000000000000670000500007000420800003006004000109080100000000065970000090000
234000018000009042000000000400000000000005090080130000300000000000300786670021003
001000000000000850050963004085300010060100000000005096000000000017020009096410500
000000030037060085000000000081009023000030060009050008000000010508390006760200000
009070050430506070000009603000000000500007006306100004000003005000608910000400007
305000000090020800480000000004051030500062401006308009000003102628000000000000000
000185306000004020000070000530000170000040000001030205010700600200860000006000537
802690407030070080040500306500069104000000000000200000000000000903004500100025609
000500040700030200800741000060002000000003580000070003010090000300000014520000906
130000089790023400000000120000070002000345070600000000006801000200000001000034000
400500000000080070000072800015048600000000020000100705004009000209850040001000006
120056700400000020009000000010000600345670012000902000091004507000000000067890004
800004060009850001000960052004300000003000000000400000020700009010000008300500410
000000600400680910000000045897002000000000103200000000910240000600809200000000001
000504000000000006640031800000109700000000005860003100700000001109005000000008650
603071050471200030002300007000000000004080000000000580050936710309007800047000603
189423000000000034020000000312040009000000003070000050201030008060091345000000000
007500900090007305000001008000900000640012080078000000050000091003180067000000000
