009007000400000567000200000000345900290078040000000000640000000300000050000050123
028390040007280000000000000000500060002030000900700582000000700100000690390074020
100063050300000001250104009000500704000000000500400000704630025006002000000000030
010002000002630007000040000000000000069000200070008306006074802100080900025003040
000000000600180000081423060213045980000000600500070000000000800068001040005007019
987000010600032008000700000198000000005043080000000000000000000000900867800004291
000230000089000001000007004005029780000000000000700453234010005090000300507000000
090017206000000070006802010904000000000080030007000000060003900008070004010000060
600000084000000090080004000010007060070000008508000043309000000000910000046003007
003456009006000120080100056000000008345600000678902340890004560200000091500890004
000000000074096000205010009000009500300008470508041600000000000009050700040000020
040008000006010005000300000054000000300056870000003000030000901760800004100000057
004002760000000000687000090000070546000000800098040200000081000810007300006020000
006070200000000030800960007001500600000000700090000805050300001000017000040080060
320700564000000000000006201219000053800000109040000080000500000430000000765034908
417800000000000001006004002000000006008030710000100820050009100900400000104580360
039000000000000900002006040500900704400002000300001080000000000174500060000400208
258600100007500030030400000000000000600000580000000004000001050500960001400002009
005000008000000400000200030204903085800007023500020070080309050900000006000064000
000000000060003087231000004908067030040090765000000000100008000086345000000000006
520006040000000009004037006003070050000800320000060000030050000000000970970000008
800170090000000010100000020007030050300020041285007000040900005000000003009052000
500104360400003250090080001004300000800000090006500000000000040100600005050001006
800070090093200000004300002060020100000000000002140009107603800000000006000500004
000000000030005740040396800250400060401030085069508000502701396000050400000000008
040008050009040060002060010700601000000000008450000000000070090004009005080005007
000032000100000000098400001200000675819000000500000000900000050000300120054000000
050000000900000304304080007210900006000000000009045000090007005708500000000201060
000050920000129607001000000132890065000000790000060002000675000000002819243008506
500003987010009000800000000324000700600234198000007000000900870092000040000345000
000021900003007645000000000000503000000000007192000000007030109000005000324008000
920040000000000000070000800001000200000070069703600000800204000240006090600080007
006012050009360200040790000600000075090030000007000030401000300050000002020000040
043920000800000012009000000000000100320700000000030789765000000008500034000000000
000000000070000003000070800050060041100208000036007008025900010000800090003004200
000087001000050687000900000189000000023570809700000043970000005000000130002400000
000000000807001056060007023000120000450000900000003070000000000005918000918340000
050100000907060203321000000543000760010080035000000000000003081000009600090570000
070035900209000000043100608000879450000003089000000100005000000000600204030001067
000000805000000000401080006000000000603700008005906470058309004006107000007058090
050009700080000029000076400000008000000430900010000302000000500097000031000020097
090001240054000003000008005000000000000800620020096410040000000600000002908030000
506034000000200000480056703060000507070000004300400802703000000090080000020000006
400000000000000305129004000000090100800000406000405080000000000302000001670800230
000030000000807000600000054000403576000000000243700009460000002032005790008000000
001580006900704020852090017200006001000000000000007800000000000030000000017050063
002009000600041258000000000001008900369400000008300004047200003805000070906070080
029004000053000002786901340230000709090100000000008000010000500002076000000000030
321700000600103080000450000000002000006340010200078345065000000000007200000091507
080000000600000041001090508309200000000003200000004090700000000000050004005041903
004009010009200000018000060030100006000030070970060008003008000200001000400600320
603704200710000000025900000000001802070080900500003004006000000000000041000200630
009008120003200000012090804000005900000001008000000360000300005095002410480000000
017090280600005410008000000700006500050007600003000000000071003000000000300080104
906010000000008003050009704000740005000000000001000000820300400710280060603000200
000045600000600912000010000002000000400000003090100050800034567000007000500090000
000070406000580039020000050000000200609000000080750093000048900005200000890000600
000000000030500090000010002402080001005300000300025008006104000000250104080000500
205017603070300002300000004009850000017000025000700000000060000802000009000080401
000000000070210600006870321005060010760092500002400870001020705000000090600081000
000009000003008400050047096700906205600000070008004060000001000000500000407000800
000000003058039071060001000107020060005000007900000008000104825004285000000060000
004200903500060000003104802930400200147000000000300004008000017000050030000000000
029000070000060000780002040040057098900004065000000000000546007004000321000000600
006040002000036700007000960000700000710805600002000000208300004300000205000500000
000000091706008000000000500000000003078200000310560709860109005000003070500000000
006700000017204600000000051000030170020000084001008003005007000000060040370080000
590060000003400200000280003080090040600000000004000012460000000058000060900000100
000213900003800000700000020000000402007020098030000000012700003000190000600005000
200000693000050700000000000003025001802700000004930080600000000000470900700090200