825401306936500017004069000070030002500047000000000070060020000000000009000090500
000000000009040200040800060470000000000001500500009017030000002020690741000002009
000870000070000030002043060003004879000321000000000000000700981000000000890000657
004710000910040000600000000362000000000200004700839000080607040170000602030090780
000004009030021006000687540000400000003000050000002907000000000000506400324000700
006000100819600400000000005000000300400003087002009004901068000000000209000000070
000400050030000000067089004000530768000000005040060000406070200000005000000310000
903500014700009082802000693000000025085710900096800100000040000000008000407930008
100500300000000000402819050001000006980405010050000000000000008006004000219600030
520010630400090520000028701006000000000000000100000200900002100050041060040609000
500010060001003200690020071009000047058071036000000020014930500000000000000008000
000010768000000000209070000402000000060030001000560020654000000080050010000709000
000001002007800000008000000470000900069104800000006100090000000000020360805030070
291030000000000000060000540080000000420650000000981030000013654000800321000000000
200867400000000000870034009700420918190756342400109075007005200320000004000000097
000008043189032500403005000000000020860019050091040000000000000000980100012654090
780103050456700003020000009007091004091000567200060801000000070345678010678912005
000800000205000306000900028039050040740000002500107000900000170000070003004003000
789100000003050009000000100000000345900040000000008012060801000801034060000500000
050000000000032400001000090043680000800000350200000007000000570000009000402506019
009008000008047006701060050000036820200000000096020010000000400100000000000001069
200000000074258309000000008390070002000580093028690010030704820000906140001000000
007000000031800050560003700000000000008000234002901000100060000453002070000005000
400000065000006080900000007000400096300000000040057000003710000109063800700809300
001056000060709012090103005050600291706900500009300000000000000008034700000500109
700006102000000090000879000045000000000035000912700054800607240000000000234000000
000200014800007030700300025300000070000000600071000000930520007250041009107009258
000520030000300000069010008700050063000000000500000001140000000020060070006170085
000060094209005000000070000002500019000000600400000700907840020020000071601000050
014093258820000009090582040200040000040000000000005071300000000000060020000401030
009100002407800069500960000070028006200000040000000000060017800050090714000000000
000000780546879103009210000030008910102400600000100040657000000000000000981304500
000030000003010008104800060000000000850090007040000000000050003096007082500009014
600079320000000000008003004000004065700080000000600090000192040000030000004068209
400360008006250047000000000740090500500471309630502000000000000000000004802014690
900310000000502406700400003300000000010000300540070001020009017103060000090050000
006089100003400700080020000002000000305670012600010000000000000891230000500090004
000867120000000003000504000001000605000700000060080300009012004000000000100600890
285060007006104520000000030100800006000741080800000170000390040030010800741028000
100000000700024980403080000008040003002809000000000070000000008000435090001060400
300008070010009080205400300609050714000000090000060000000000000004006200050070000
000780100097000000230000090675000000000000819000000000003008020000902004100000000
000147000701820000000000000006070800080300001070000009508693174000002060030000085
000403000000057043010900005408000610500009000000060700906000080000004000000000106
700009200800000069903502400000800010174000502005700090600000000000936005000040000
400000600006007582005390470000005009060004000002000107001800000500600000009700005
000056709006080000709103050002345608000000000678010345000200067234060000500000004
005100600000005000000000500070090000360502007082004300930000010000000006100360820
076300090209000500540000067402000000008500023065030109000120000321789645007450312
004052003900000052002630700005963000007205090390070005009417500700000000020396010
765402190432098760190000430050001907000900654087600000009870000076540000500000006
009687004000000000000021680908506000340800076075200000800400000060000000000790405
009002000200180000000050900000008010800300070001700530570900400000000002000847090
004390000005407390090008410041960850800000000000000000000000020000001030639050040
000020007140030508250040000000000000300208001500001900090000070000000306010093005
963470002070080000000000004000040000740000009050009000006000080000005300008930010
000000000041025600008003000000000170090001085000000000960047800170058003852936001
000019000354000002000500000070000004000030050043065980098000000000007000000654070
001560000600097003080000000000000000210053000043080190000008024098340000000000901
210453060000029400000000000002675081090300057065010000000000000600800010000504809
000000705819600000500000090400000987002800600000064000054009000607400000020080040
300450007980103000000000000000010500043678000009000000700801432000560000198200000
308006000000000000796000503600083000045200007200000600000050976000738005000040080
080609004000400050400000003000005600000000000006000520025900010010800000603740000
020639004000000020741000006900100000802000000004200000000008090006410582000006401
080006700470200603009100002000000000000063401030000050700520006000410020005000000
460700000030056008000120000304000200087000030900000007009034700076800420000560009
190600504005900800000000001081060403000001706007200089213009045800000010540000908
700354100300000000000607009006080000040009000801000004009070000000500607100003080
000006080030200070008104069000041000006050100400000200000000000050000603070030000
000002006040509010003014050000000000020000000000031040430100800060080590800400200
001500700070002006300001090000000000710204500050000040000130060000060905000000074
000030000040015000000007000006020100501040007007300090605000000000000301003690200
000087000200000900090000604910000005005008430040000000000040806003800210780000000
039050471001060082000000000003080000000000005280004900300800147400900008020100060
030074800025000001000280003000000000001000000000090000002600400700800039600001508
000020000700050019129080043070002100002900700000005030504000000000004300001890000
540000102210300008000900430005001020000234650002507981000000006320400000050000210
174069000002000006000208000000006285528714063039800174000400000407000800390000001
009010080000000000471000093000140005020009107000008006008693070930070050107082000
003070020601000850009630000000760300000000008005000700002380007310000000097012005
410960000006000007080000000630200701000090002020174600800007963070000080000008000
085417003000000004000006002903080000050000060741900000010000800000040000009850107
304000000000056020007400089879600010013000605040012970000290067000007534000000000
040063080060200410800004090005010000306000000000090000000000003410000802009050100
000410603000000000009500000060050040002000900001009020080004000104963208000200470
000700000000000546023000000800034050060000020000000001045670100070000000900000068
080003097000080001130009000001702005000501003075930100000000600002000000700600080
010057020042900000670000180000546310560203000000000045000100000000005090120760504
000000025006000000000004019090080007400060290008075100000090570005100002060008040
400396580000400093090008000000000040005701030700000825140003000058000000300085401
098000000005800034400007001000000000210300008503670010600080003907023450000000789
000020004008041030007600820090005000020017003714090002000000009300000047000000000
003406000450080123789123450910000078000000910608010345090004060200000001060800200
400000610005080004007120000006810000070000050081507000004000070198700000000200000
080000040123050008000009000000300800678000534305008001067800423800000706000000000
000006000004000050607020901009000000010008046540000000035200000760530000100000400
708030000260000100030080400004012000000300000000007006026004007010900030007000000